	9.590800372216712E-6	0.32087064434419355	0.17983336111863277	0.13820616614243977	0.12770874102776444	0.21737658377596203	0.0020895909605998645	0.008599372902282475	0.004232737118055413	8.43770708059409E-4	2.1298423518649096E-4	3.867233467866126E-6	2.091986801679626E-6	6.667606971172445E-6	3.830039210765152E-6
	1.0	0.0	0.0	0.0	0.0	0.0	0.0	0.0	0.0	0.0	0.0	0.0	0.0	0.0	0.0
	0.0	1.0	0.0	0.0	0.0	0.0	0.0	0.0	0.0	0.0	0.0	0.0	0.0	0.0	0.0
	0.0	0.0	1.0	0.0	0.0	0.0	0.0	0.0	0.0	0.0	0.0	0.0	0.0	0.0	0.0
	0.0	0.0	0.0	1.0	0.0	0.0	0.0	0.0	0.0	0.0	0.0	0.0	0.0	0.0	0.0
	0.0	0.0	0.0	0.0	1.0	0.0	0.0	0.0	0.0	0.0	0.0	0.0	0.0	0.0	0.0
	0.0	0.0	0.0	0.0	0.0	1.0	0.0	0.0	0.0	0.0	0.0	0.0	0.0	0.0	0.0
	0.0	0.0	0.0	0.0	0.0	0.0	1.0	0.0	0.0	0.0	0.0	0.0	0.0	0.0	0.0
	0.0	0.0	0.0	0.0	0.0	0.0	0.0	1.0	0.0	0.0	0.0	0.0	0.0	0.0	0.0
	0.0	0.0	0.0	0.0	0.0	0.0	0.0	0.0	1.0	0.0	0.0	0.0	0.0	0.0	0.0
	0.0	0.0	0.0	0.0	0.0	0.0	0.0	0.0	0.0	1.0	0.0	0.0	0.0	0.0	0.0
	0.0	0.0	0.0	0.0	0.0	0.0	0.0	0.0	0.0	0.0	1.0	0.0	0.0	0.0	0.0
	0.0	0.0	0.0	0.0	0.0	0.0	0.0	0.0	0.0	0.0	0.0	1.0	0.0	0.0	0.0
	0.0	0.0	0.0	0.0	0.0	0.0	0.0	0.0	0.0	0.0	0.0	0.0	1.0	0.0	0.0
	0.0	0.0	0.0	0.0	0.0	0.0	0.0	0.0	0.0	0.0	0.0	0.0	0.0	1.0	0.0
	0.0	0.0	0.0	0.0	0.0	0.0	0.0	0.0	0.0	0.0	0.0	0.0	0.0	0.0	1.0
	4.2515679575805265E-6	0.14699063985216265	0.10624350489860271	0.47525974302426083	0.22428527529531148	0.03125009041602327	0.00845733723494744	0.005247824065294911	0.0016236699433650067	3.045047009949851E-4	8.762345459009174E-5	9.377704358933919E-5	1.2222998570865244E-4	1.529116119767398E-5	1.4237355993243972E-5
	8.025914218612318E-5	0.6244734240272989	0.19655074937694705	0.1294115772873405	0.019103297054166288	0.0024604868984865282	0.008574874035486785	0.001956578066079735	0.0047806838319030785	0.00711780600311794	0.0011941199959201035	0.002205208709199621	0.0017917357197930871	1.3181949281123944E-4	1.67380359262973E-4
	3.468176057452865E-8	0.09643597911026514	0.5919862243238287	0.04553006516515912	0.26465513631001286	6.383801660510398E-4	2.174523022248556E-4	4.339471112671962E-4	1.0190259715953299E-4	1.5640793622827065E-7	1.6226934503205947E-7	7.864382432579135E-8	1.8438531500211504E-7	2.7264688951059415E-7	2.387896066602184E-8
	5.589600573019382E-5	0.319974850159352	0.006418323466460524	0.3957414300026621	0.16454170897430723	0.10843269342471915	0.003229978600253902	3.5091487979841557E-4	6.632877311816568E-4	4.525083376310183E-4	1.7997566513940225E-5	8.09193954137722E-5	1.6194861848946798E-5	1.6803117696233078E-5	6.4934764310041635E-6
	1.0994556731702687E-7	0.8024432839385834	0.13576959252952417	0.016903756063346004	0.04110176933256834	0.0015930522647786356	9.595944916003414E-4	4.862729545990351E-4	6.682643285499906E-4	2.8555436190166398E-5	2.7449012822444367E-5	1.3546938805629551E-5	4.133863881966484E-6	1.571066227239519E-7	4.617925597815647E-7
	1.2060913062605927E-5	0.5665946347971816	0.28525072894770487	0.13798608411700233	0.004750886177151121	3.9593756251204667E-4	9.054440439652438E-4	1.5889315891129308E-5	0.0023674830294139384	0.0013689502389652608	1.0425186250512502E-4	1.7549296828049595E-4	2.1221034688180973E-5	3.5247439996606E-5	1.5687551679557384E-5
	6.362224023170882E-7	0.4816483072271964	0.02364451641510448	0.2454298006009042	0.23153674050415834	0.014915437303181924	3.391403383515533E-5	2.1153737815603153E-4	0.0010429989261383373	1.6026154198374673E-4	0.001342117599476929	4.623040703300116E-6	2.185994939328382E-5	3.935061359781001E-6	3.3141960058178706E-6
	6.960167553415886E-9	0.25524162287460184	0.012160919291066837	0.7279917297326348	0.004099882766075643	3.800027391830376E-4	6.182833245355942E-5	1.4988007928326572E-5	4.659088579708428E-5	5.163332508093561E-7	1.5264718553023916E-6	1.3416431984451853E-7	2.399665697812368E-7	6.7927109018398E-9	4.681384558823725E-9
	2.0920675788083098E-4	0.5515648452337484	0.3550163546488457	0.07982758845897349	0.010194244449064459	0.0012790793196629474	4.6344114661141386E-4	4.890642186654182E-4	6.441045937525027E-4	1.1970217767290863E-4	9.849376387326437E-5	1.1630346902420061E-5	2.5537565939113196E-5	5.536896712370318E-5	1.3383512831952582E-6
	1.260814884914696E-4	0.7499612204201886	0.2106389579099622	0.0020415728737028737	0.010943138859988868	0.0016567285315328972	0.018673140836578853	7.350370903466003E-4	1.4816920287648362E-5	0.002224792646306316	0.0013109424600112008	0.0011012174916399918	5.103550716196885E-4	4.958733213637708E-5	1.2410067206588439E-5
	1.5591898661071468E-8	0.12594781387748144	0.5927807522139806	0.23293262972081752	0.04430023732989193	5.385925147942505E-4	0.002740775314416118	5.38181511883996E-4	1.6990054141635418E-6	1.8549204184351687E-4	1.5942083360649168E-5	1.2262929612313653E-5	5.513593145902587E-6	5.331883844654359E-8	3.8952620416650884E-8
	3.006439177721809E-6	0.2473888420744319	0.2728217147617667	0.01937934566680798	0.06389961484636267	0.20348185387345058	0.18416623279055688	0.007972660741779158	6.973019005492335E-4	8.044674704339464E-5	4.592354291911887E-5	2.2940235974442424E-5	3.094003657076803E-5	3.1766161440645773E-6	5.9997264654408215E-6
	6.50910626509571E-8	0.8912224159640814	0.01586674085571579	0.09022555608558759	0.0014129449036716167	6.12274202444814E-5	9.945702140851033E-4	1.6104686508398646E-4	3.7250314327948114E-5	1.1653673571330172E-5	3.543924959639461E-6	1.9393141770701765E-8	1.7881760984250737E-6	1.1559466729752141E-6	2.1171695276310374E-8
	2.1515637116387154E-7	0.04386568838230687	0.4267018994608076	0.3708225804479657	0.13555252137390675	0.022645616351263255	2.8598199909852823E-4	7.039204537053034E-5	5.661448898459442E-6	1.2514366603177547E-5	1.264245740890223E-5	1.7110119845963933E-5	7.12841691401333E-6	2.597776890960032E-8	2.1995470089555457E-8
	2.1418192530653357E-7	0.5287441953516714	0.45180807367404374	0.003516253880280206	0.004912119382521142	0.006564749759757194	0.001557655470124092	0.0023473401345007823	2.969295048401514E-4	1.2613551535247522E-4	8.854342607493241E-5	3.522240116354391E-5	1.9898631144410857E-6	4.127428273167144E-7	1.647118034535016E-7
	0.0010052421694835	0.46921963987637194	0.23656908227790102	0.031168788810939034	0.023799850499263277	0.09822905444826152	0.10534901017651246	0.01176520993708407	0.016470282315732346	0.0026509088184196376	0.0023262451504454345	8.60480872859306E-5	6.138852849842107E-4	4.797005903597444E-4	2.670515569559502E-4
	6.682510989008961E-9	0.34081831882569247	0.5655255189086383	0.056575364338838335	0.02240498982069919	0.012413727402461109	0.0012998528900234267	7.334815387296606E-4	1.73340840288559E-4	5.248200299851455E-5	2.674895055122792E-6	1.8802882925356793E-7	3.218024212325711E-8	9.95587876031268E-9	1.1689113983745305E-8
	1.9676888901587475E-6	0.4737529282469436	0.4366045031982281	0.0031738652651524717	0.0508738572658275	0.03514534571898337	1.2372912059386396E-4	2.03764343837828E-4	4.3771611566845375E-5	7.782304466293839E-6	5.868843011923723E-5	4.788398862329071E-6	3.86551328581101E-6	6.59761912106567E-7	4.831313305217725E-7
	1.55916821229507E-5	0.9503203786614425	0.018078090752619517	0.01701116189142473	0.005236952690954718	0.006035933391079688	0.002146875294468728	7.13324191176117E-4	2.8367303787642104E-4	4.754123646637221E-5	1.9955551679143033E-5	1.3174938223251481E-6	4.85685402212251E-5	6.551261773524227E-6	3.4084322872150444E-5
	2.381513725557838E-6	0.30126751818039543	0.07617302540604756	0.616893503151982	0.0046342589803599395	6.542210281295788E-5	2.905453147568294E-4	3.2407270863202225E-5	4.892954369792586E-4	3.0413995491021334E-5	1.035112844939669E-4	2.3318277223589305E-6	2.7008298307143334E-6	8.403276860543915E-6	4.281427678819927E-6
	2.7874184659193446E-4	0.8744257410467413	0.009719938865857513	0.029740321490808647	0.06087612780092447	0.004129475596286156	0.012017591477561321	7.315750892782666E-4	5.91055986284407E-4	0.002283243152201549	0.003921054423440993	0.0010476282361261448	6.271068507975692E-5	1.3709653895371257E-4	3.7697763863889244E-5
	2.794427111929565E-7	0.3459979722691342	0.5723612610859179	0.059145001495968214	0.019829495599445232	0.001915586941831327	4.3622955858480363E-4	1.8846696977950974E-4	5.415062421293234E-5	3.628160152746623E-5	3.362080453211645E-5	1.9934112195853488E-7	9.142550821960979E-7	2.5565216244523334E-7	2.843579886379004E-7
	5.800443349301965E-6	0.4223677127370302	0.29900473347341266	0.13278963120362416	0.027691711029908538	0.025872295197468028	0.037462196950850055	0.025161378508241034	0.027848534306480953	5.652821073546234E-4	8.51129785630894E-4	2.633667150417489E-4	3.2322894975867064E-5	1.890051066396898E-6	8.20145955652893E-5
	1.0783438871730944E-5	0.17511066121075514	0.06033027694881518	0.6918592118607677	3.00394801778493E-4	0.059414238097816506	0.008512696376015311	0.0026519897511159975	8.118551535314562E-4	5.863718430451028E-4	2.963902986572832E-4	8.646979654740158E-5	1.5418267973575005E-6	2.032482166064716E-5	6.793773824710637E-6
	4.3458715981437024E-7	0.7353094513464883	0.18351911627366352	0.01610037917986011	0.00440013667436126	0.04259542767417897	0.01617793151870037	2.872771832937305E-4	0.0014518320288773373	5.511591069157269E-5	7.06173014677493E-5	2.2535267148200168E-5	7.398391922650212E-6	1.3275983913629549E-6	1.0190637950721892E-6
	4.508919626111663E-6	0.8009675819239002	0.17852101983814098	0.0010669145171629314	0.004028766364424046	0.008520336752668656	0.0024595652705206522	0.003367995900314594	7.383386609779203E-5	6.184468468735465E-4	5.335084502815566E-5	2.4032056757530368E-4	5.3505733747695155E-5	1.500206159940595E-5	8.850592320108123E-6
	2.6768672389820836E-8	0.8733283385649447	0.028959143875982314	0.08506826156817428	0.007265867903950941	1.7608269347127776E-4	0.004978930070133589	1.5816047521790048E-4	5.175392443277025E-5	1.0366513705594278E-5	2.5120458045968037E-6	5.3723066637516024E-8	1.077685093111208E-7	3.0067162512438083E-7	9.343230851370994E-8
	1.3343709182045416E-7	0.6086415204180649	0.36404538504313555	0.0020847404575547778	0.012967792210275641	0.008962920684981857	0.0020037557521043587	0.0010238675166208558	6.953892519413891E-5	1.4488730485540303E-4	5.28131298445692E-5	1.9907508222380728E-6	7.891813678294806E-8	5.671267852054135E-7	8.32453190673885E-9
	5.7740230818836835E-8	0.6601756773255443	0.32623829244914154	0.0038425606981924666	0.003264868447835139	0.005972798092410837	2.4319626794546548E-4	1.3017984150784788E-4	7.482473068040187E-5	2.5973580439167193E-5	2.6121003167077714E-5	1.4082235889174616E-6	2.9894806235740305E-6	7.698649730582396E-7	2.8225371915232106E-7
	6.61247243627372E-8	0.8842090496358823	0.0415852256271483	0.05151678566006761	0.005831397832202285	0.013747684831474068	0.0025071701075066086	2.10894453770289E-5	5.63564692501881E-4	6.848314648268582E-7	1.0795978993138944E-5	4.9874303484303565E-6	1.0447029293526777E-6	4.162054505434493E-7	3.6893929359819444E-8
	2.6729549238435624E-6	0.5208885270904793	0.23221193681257737	0.06232963913256249	0.08825772143252271	0.07383263570001701	0.0023640784187688372	0.018375027475611577	0.0013323299258926758	8.212357292749137E-6	1.245364400064674E-4	6.086271426959254E-5	1.1599915205634291E-4	8.62894877332784E-5	9.530905285778822E-6
	3.690686927260156E-5	0.6481359942139726	0.09073131745695721	0.1662759816856787	0.07049425564498911	0.007251761979671943	0.0094659149942303	0.0016143203937504227	0.0037453481748924555	5.315629208604187E-4	0.0010971458697684735	1.2292370514464473E-4	5.424423316759925E-5	1.0815329813606695E-4	3.341685595074335E-4
	2.3756855500600693E-6	0.7904947775122811	0.03598644149690954	0.009783855771176292	0.04811922280843262	0.09017209156007719	0.013556879012165504	0.0114354589834527	1.5149373567207721E-5	8.762578847112716E-5	1.6225533737266202E-4	6.649904484215634E-5	1.0977563836572001E-4	3.114987661222218E-6	4.476999674940377E-6
	8.491754577288901E-8	0.47561038358304675	0.04595807413336484	0.4491420362672253	0.020283805642448076	0.0014733289096916702	0.006813302238252362	6.867552583690678E-4	6.766089267584459E-7	2.052273539676365E-5	2.5792044378847625E-6	5.2333315565554334E-6	2.558271576880842E-6	5.58433606166736E-7	1.004645552102223E-7
	9.394948873420184E-6	0.933966464510424	0.042957738701521114	0.015238710466319536	0.004194295656184397	0.0016474343945678783	3.8352747171325384E-4	1.7530232570659308E-4	8.743228775453924E-4	1.0329211321798674E-4	2.2406727849758063E-5	2.0994220088224258E-4	8.619016594056694E-5	1.1297207665027558E-4	1.800536260368218E-5
	5.335342062817716E-6	0.18196541114897202	0.5415345304430588	0.18882418996040534	0.04298480201625635	0.015912025561169735	0.02066718851613809	0.004682002126483229	0.0016622116127428233	0.0015568298202735238	8.263920299011908E-5	6.929150207387314E-5	2.98551190721359E-5	1.1882143912906939E-5	1.1805484388197169E-5
	1.8725430595001313E-7	0.7982402566086865	0.15284940906110006	0.005873241732766785	0.03050616752427176	0.001879382660285994	0.008687461350907524	0.0014602560007471622	2.0260568584087773E-4	2.2682671493481655E-4	4.708467777095576E-5	1.0626590159717414E-5	7.88847080182134E-6	8.57204955315461E-6	3.361786713373326E-8
	3.7432397959058505E-8	0.6663753915214594	0.3031305509645967	0.0114897939419797	0.007362687902848459	0.007048277113497721	1.2767922027988798E-4	0.003512666695918984	7.058909141078489E-4	2.283581052611074E-4	1.2087193206897138E-5	5.628559254979412E-6	4.977309937049048E-8	2.4181055133610564E-7	6.588515394371222E-7
	2.8908138905880953E-5	0.41653854945198	0.21286505336025202	0.02532182147970598	0.31087114818952954	0.020322721381216113	0.01015158764091308	3.5977001573500486E-4	0.0023163459046519484	4.279378514636126E-4	2.2048096196123284E-4	2.0220656999231671E-4	2.396690166805262E-5	2.6873538667269608E-5	3.226286133578683E-4
	3.357944281523473E-7	0.8407956464562754	0.12847355925219645	0.02053366175041748	0.0035595746051201756	0.004418888101494305	0.0015623218985709709	1.1372955530215472E-4	3.030365727764714E-4	1.8211950361051468E-4	3.94929636689002E-5	5.975824821873678E-6	4.697717915377726E-6	5.512265136137383E-6	1.4477382659316265E-6
	2.1693334398831254E-6	0.0033880934367543913	0.41551387101057824	0.5587529786033212	0.01903990896261129	0.0019226465721911379	3.7812663126393474E-4	2.417618994048072E-4	4.689843732251507E-4	1.0772813853397804E-4	2.892672249383704E-5	1.269468037725404E-4	2.617590906121886E-5	2.0558258887510225E-7	1.476020759486871E-6
	1.1871777549909979E-7	0.4236573621173493	0.517195242590567	0.020378503156799198	0.01089085868953017	0.02436425319606661	0.0033791851255987183	2.7358831697645626E-6	1.1253473787145293E-4	2.9409836555618213E-6	1.2473975338158845E-5	2.5783607665456416E-6	8.241752288659148E-7	1.0689190057804956E-7	2.813983823252999E-7
	1.0974366693172755E-7	0.6156477487185121	0.33912913243177034	0.033285258341517104	0.0018442375501162434	0.007847468158630168	3.604435692477341E-4	0.0017851924005125965	2.6032046653634556E-5	7.864492694634202E-6	5.827185748174839E-5	2.4132324003364695E-7	5.582826945794474E-6	2.3523212370499463E-6	6.421777404114338E-8
	1.3504311108469835E-5	0.44911642411010466	0.40860252009591497	0.0748521919433719	0.058396418299927526	4.98458831833065E-4	0.004579482829607636	0.0020189622162396746	5.940005268582047E-4	7.6455873534735E-4	3.7447205276429656E-4	5.056150114221944E-5	2.4084009178712147E-5	1.0355484556127434E-4	1.0805691040182072E-5
	7.607427106148812E-6	0.5105202356025014	0.08207640430216674	0.29366376471802913	0.05931845742435701	0.016265887513956297	0.02815803830349446	0.0011088207002271685	0.0012360038521788518	0.007474548300939414	1.268857433502364E-5	1.2959109471507522E-4	8.412383318407541E-6	1.2836307131122164E-5	6.703495543635242E-6
	1.5334159079150034E-4	0.6326953142188715	0.24664546398082624	0.07745410192628617	0.009231334007848422	0.003942763332755632	0.01791595114974799	0.007307538722606363	0.0013690323818160155	0.001718345815675662	8.237764607752084E-4	1.7310033956887332E-4	5.211858638955022E-4	2.7300678885552934E-5	2.1449529649351993E-5
	1.6879127689328755E-5	0.5059379196359399	0.4238528910235396	0.00486762625686109	0.013055303394874122	0.04507921262750236	0.005797078065654107	3.7889729850968935E-4	2.2038923798852486E-4	3.6128759865322905E-4	2.0392258778318225E-4	1.919959912742395E-4	2.82879287346151E-5	7.0574401822498364E-6	1.2517848134374098E-6
	5.632326088855777E-7	0.2429453205858383	0.060884739852874854	0.12403149753147416	0.5491264561713006	0.004825396622746631	0.011756280270102573	0.00506524428360669	8.625531519551172E-5	0.0012533613710282094	2.9370224101090815E-6	1.999934959567698E-5	7.552217313310352E-7	1.189888250642412E-6	3.281236008891156E-9
	3.3958713152593134E-7	0.641875522573539	0.1530395516734972	0.12411637083959463	0.04931281343316058	0.01867481210931344	0.009307793551198321	3.4086088876669957E-4	0.001724254225094241	0.0013057631567043114	7.070066450958256E-5	7.294172203892331E-5	1.54000508334875E-4	3.700602590894354E-6	5.744645256788388E-7
	2.7357434340125053E-7	0.8562963411904377	0.059094370031072846	0.02582617291929447	0.021586748166630875	0.004239193196591027	0.028595136081702974	0.002490439014662522	1.0273163450048544E-4	0.0017434474643883901	7.986457162618084E-6	3.713137514417234E-6	5.664326175154772E-7	8.822973164101745E-6	4.057725916713811E-6
	8.063516521161773E-11	0.15305763822982776	0.6925566999873731	0.1282625533792121	0.008575353730755384	0.01615357799886126	0.0011194138045754998	2.196126899317124E-4	5.445383082053655E-5	6.429393962786246E-7	5.3109240126621956E-8	2.882089792514315E-12	4.2598181813572E-11	4.3389894648986756E-11	1.3050080147654527E-10
	2.3183319108888156E-7	0.3185495001186269	0.5767337185974851	0.03439642477867534	0.02449480359040205	0.02027293319828693	0.012025059485219128	0.012465152633748288	9.442830598035252E-4	3.477598740025009E-5	2.1885113932467137E-5	5.838892094923238E-5	2.174721198132047E-6	5.531536235012512E-7	1.1480745821577104E-7
	6.29640239946383E-9	0.19419246488200104	0.4017458087950467	0.3708943282669138	0.01748519836628067	0.015572017212658594	5.650329669551323E-5	2.4012855566473523E-5	2.9253556495136657E-5	1.425610332604835E-7	6.312946185055956E-8	1.0848095587994232E-7	7.108073207108337E-8	2.113859774087275E-8	8.115858864359162E-11
	3.250644398100633E-8	0.40150796858796056	0.3239363456493562	0.12672145631943676	0.026350915844345894	0.06114312324146429	0.04518794008847981	0.014896600117788759	2.098267820721344E-4	3.2067577266081924E-5	7.072937362179864E-6	5.439327654514176E-6	1.1577034366376558E-6	9.79724682849444E-9	4.351968542448847E-8
	3.847887430907804E-8	0.9082774934210367	0.0747024912432233	0.013448671788128948	0.003201238776714256	2.0938725895575414E-4	1.1896874381218589E-4	1.852494488458559E-5	6.935313664824529E-6	1.1988121992227495E-5	2.558027328639296E-6	7.539174775354831E-7	4.914822031338129E-7	8.628156535100967E-8	3.722001381394661E-7
	7.771315183702221E-6	0.027029526284564342	0.03633978475910381	0.6529901819201215	0.27810362350462287	2.1058267575888874E-4	0.0032192073205702235	3.666803929930027E-4	8.325765547386588E-5	0.001449791263075937	1.4227805898148533E-4	4.900948205591383E-5	4.1510530045528755E-6	1.622917434488767E-6	2.531397055318851E-6
	1.577863569246496E-6	0.2966869548842418	0.05642455680485152	0.592231091725189	0.002896352337731838	0.04801905884323879	6.119338129683242E-4	3.260511293433113E-4	0.0016484393457701272	1.1094262889265056E-4	3.802160522530741E-6	1.0817260754608014E-4	9.115693087848232E-4	1.262438973649358E-5	6.872157613685198E-6
	2.7408090507385907E-5	0.5333241640565881	0.12007639876861377	0.18786374633800731	0.13466253438232625	0.01691180564990544	0.002574164286036366	0.0014339555743734299	1.9856370198503346E-4	0.002546455724642737	2.5212988164018666E-4	4.0942632409140736E-5	4.317392627553565E-5	3.5053168075407844E-5	9.503818613923327E-6
	3.423366770927139E-5	0.9366644982287071	7.543915468555842E-4	0.009687834744637988	0.015338832167378635	0.01413183850863853	0.008839305936463161	0.012865308578528013	7.975667855947241E-4	2.0594923267217913E-4	4.488726270885785E-4	4.212792667057057E-5	1.0061239933545794E-4	1.3910067942169115E-5	7.471758177796108E-5
	1.5434220798971054E-5	0.27960855537250784	0.15986624232138497	0.05349382701998653	0.3635699465009854	0.0013452017772816985	0.09791155022276499	0.028967150643209004	0.0033184860940720577	5.225158562942385E-4	0.0112350100728986	3.50021543134288E-5	8.903058496706062E-5	8.398740103534247E-6	1.3648418431772235E-5
	1.559395057526558E-9	0.8975093144373597	0.06917603811645845	0.03193748553858051	5.472457153617933E-4	5.614041354083999E-4	2.566195023893003E-4	1.0149350471067724E-5	8.147499258528943E-7	6.06015881586474E-8	6.358609284201821E-7	2.7496671486667593E-8	1.7914943123189506E-7	2.1296610390031217E-8	2.4894200723089766E-9
	9.999034937813178E-7	0.925268746365922	0.024735204605641933	0.01907470495705192	0.025383520492406303	0.00287267805833894	0.0013084168805818663	9.389459241656441E-4	6.824888485874204E-5	1.9489147623679809E-4	9.917095805733247E-5	1.2459154039319461E-5	3.6272673914547845E-5	5.717660551323535E-6	2.2004739389849766E-8
	1.613217216720475E-4	0.23115737700275962	0.1505265761673882	0.228601279589566	0.04405003790119768	0.1618766994828974	0.07954352486052858	0.02499293297486408	0.0292010040350244	0.0370697363230747	0.0015551446320963976	8.126722901631262E-4	0.003376140330854582	0.00684265433455051	2.328983533627399E-4
	2.6784118367650933E-8	0.9784709806991517	0.015583696056231671	0.005910286250813571	2.657359400597949E-5	3.0143127997740835E-6	2.549618340135076E-6	6.579855005520578E-7	1.8110368622896812E-6	1.841464234953738E-7	3.9840865885336994E-8	1.479558275000227E-7	4.467917842311675E-9	2.6155672654687472E-8	1.0954687057131803E-9
	2.4671529773589995E-6	0.15602377727570582	0.012076962488456267	0.558589610377776	0.1527119762138508	0.10453012798435475	0.008080774175037192	0.0013810470592505039	0.0018483362116043743	0.003958182716955572	7.639003764955948E-4	2.2191842433404365E-5	6.196334833714926E-8	7.252227830409991E-6	3.3319339237141976E-6
	7.497987786209137E-10	0.6867001230369377	0.2746835327190591	0.037917674534798065	5.909383720628482E-4	6.946282042428747E-5	4.371282734240791E-6	2.271142140069356E-5	9.724193719366956E-6	3.565141772221158E-7	3.5987372632645446E-7	6.806116118410937E-7	2.5086753336980615E-8	3.2155763074839584E-8	6.627033190258792E-9
	1.557615188674255E-4	0.5148863871252639	0.22125369067701786	0.03355879370439244	0.18037568768870577	0.02441482106816843	0.013288551644603594	0.0064841645882972015	6.165568275628142E-4	2.216752475360279E-4	0.0016219321259200697	4.011197914665722E-4	0.0012651101280731227	0.0013141801765951136	1.415676875297022E-4
	4.5502364497185255E-5	0.037994019599963624	0.19690021616320505	0.3736630655637879	0.22089466946874742	0.02837140748776565	0.09903809582554422	0.025263657397156088	1.1403957316513525E-4	0.017015966828023844	2.835622790583279E-4	2.1458618903324653E-4	3.18955671441355E-5	7.134998190384302E-5	9.79657110043268E-5
	1.9107664317452588E-7	0.2682546549852398	0.6386495822043171	0.006872851237971257	0.023242659669777923	0.05402627730024503	0.005704610824158386	0.0017237370407602798	0.0013700486668732747	9.100642913982555E-5	6.0954760693828735E-5	3.107477359432474E-6	1.40629189535352E-7	2.178948297816396E-8	1.559081482466235E-7
	6.919045691944348E-8	0.5566808427052806	0.00631980381561024	0.42223223140677374	0.007430454980095618	0.0037574635647160738	0.0024141863697113896	4.4067403821471015E-4	6.454705742262745E-4	2.8519632248145815E-5	6.248939091557474E-6	4.0920144648047854E-5	1.9443044040543575E-6	6.146915371706918E-7	5.556429855394858E-7
	1.821364448151286E-8	0.6840817843801501	0.16990306521320347	0.09866844731720935	0.04587444369150739	8.234089491748101E-4	4.023373730653134E-4	2.072427682561848E-4	2.4238471697448215E-5	9.003547247562221E-6	4.806998955929272E-6	4.462771490015855E-7	7.229204868079277E-7	2.9458599615204235E-8	4.419652771893311E-9
	5.612698417145623E-9	0.7112162600945233	0.20276470503583574	0.06975383855604692	0.0042563301286648305	0.001797153704143142	0.00855240511404206	9.177767282176832E-4	3.161150693273192E-4	4.224505478059599E-4	2.7315033567237726E-6	7.463880661529043E-8	8.715610738675288E-8	3.995357837420024E-8	2.6156845608302046E-8
	7.546508429268073E-8	0.5028427686466304	0.44319909557815423	0.04866932158005238	4.980848373846991E-4	0.003272855427433735	9.235764658828532E-4	1.4934210777875788E-4	3.7865901724021484E-4	4.1076959989770726E-5	1.9254770844730727E-5	5.19241602417106E-6	1.3463002984386103E-7	3.7075381385455086E-7	1.9134365628307504E-7
	7.143342792303997E-5	0.10425579481760772	0.5464957925757031	4.236912322910952E-4	0.10720225694740841	0.05193371004534475	0.044193530674385646	0.03835088553014298	0.06727841149712437	0.025741668592136814	0.012271161657357532	0.0015152243562346183	1.2409198685617789E-4	7.206440174751383E-5	7.028225773617674E-5
	7.372178341125135E-7	0.6939140614393909	0.18536536393773226	0.09275834484495118	0.015387246172355156	0.011845305389740534	5.042933300825473E-4	1.0483147673296199E-4	1.0168856903601563E-4	8.78289310389573E-6	3.1773379625338606E-6	5.643728431642037E-6	8.946207569623472E-8	2.6259051909421855E-7	1.7161005133673973E-7
	7.944018407535225E-7	0.18638663660713106	0.35254404672786904	0.3668514711881617	0.07419461190160596	0.008869409358389752	0.008092253939016098	0.002601977456595607	2.1766291852122783E-4	6.702362127591232E-5	6.233214581621204E-5	1.911058387155754E-5	8.739593834598049E-5	5.128343930816006E-6	1.4486762846093463E-7
	6.663365409553812E-6	0.4748557766467725	0.14852739755938818	0.21914088290428438	0.07666122593431078	0.0365153728847595	0.015072157929150055	0.008476624377387193	0.0036808671929215646	0.00130979940237564	0.009876353633244413	0.005580197866584329	2.835948544958721E-4	1.0385308881134955E-5	2.700140034875279E-6
	1.4313169605095766E-7	0.024983086698033063	0.5188299516423752	0.3264833736742763	0.09881775651669915	0.014497756657770882	0.012519946303368109	0.0030392420369410394	2.2318311233118104E-4	5.899440642578742E-4	4.679164793431242E-6	7.148068476086451E-6	1.3309504786099543E-6	1.3962989618034095E-6	1.061679541339367E-6
	1.00357119505734E-5	0.03961029963312768	0.40212263661057535	0.46882384726745235	0.0034603394257517843	0.039902875395458	0.014616915411846287	0.014552645906383308	0.004437679550137121	0.008053273907385285	0.002755124188358215	8.20834814100331E-4	8.164145351210222E-4	6.843798543312036E-6	1.0233843809409342E-5
	1.891906964424095E-9	0.6684377846860018	0.30541226634099045	0.024706309574575595	3.775656513287953E-4	8.291542412867859E-4	1.5076967905831444E-4	7.585743267110787E-5	8.29516706299563E-6	1.3989452251636725E-6	1.6863631352998851E-7	1.3208919358099353E-7	2.386143406442095E-7	6.434737630304818E-9	5.0615306312453565E-8
	2.498346562962439E-7	0.9347963309069085	0.03503687521155759	0.017201842241545025	0.011254998740028523	6.16595957373967E-4	8.027005873707303E-4	1.4467628002789735E-4	9.163481697553176E-5	5.163875818439498E-5	1.0952720726888748E-6	2.8767309663410394E-7	6.152277613733484E-7	1.4975656126696107E-7	3.0873587952192246E-7
	1.4632739464559563E-10	0.8735608568866402	0.012663234373767367	0.10143792540272431	0.012180486148043906	1.297910751154848E-4	4.596014585582776E-6	1.696166252776458E-5	4.7175375913424646E-6	1.2055059218849003E-6	1.9630654366817892E-7	2.175118152653989E-9	2.2321312516382025E-8	2.3736722800581255E-10	4.2064132400314495E-9
	1.0501480038560551E-5	0.2351901732338001	0.12405800752085092	0.16184211421458367	0.3053158327474485	0.16829706211841625	0.0025771286847227725	9.356738875999672E-4	0.0014453953440673047	2.2739051091850697E-5	2.457148025120237E-4	1.3990479315167977E-5	2.8055667049631197E-5	1.614996361672763E-5	1.4608048865085255E-6
	0.0015366719923655126	0.4102274899710694	0.14907187251007673	4.915581235383202E-4	0.1480395872898139	0.10204723931647264	0.08410377705512702	0.0325928475227861	0.037078601037629284	0.002760247216101647	0.005015903291208389	0.012301381491780075	0.001361481992225443	0.010574388728986271	0.0027969524608192553
	4.946655944559897E-5	0.6001517441810895	0.20124736866722287	0.00562340901920744	0.005573943253527113	0.13477850860976956	0.014367670921876541	0.00854465343819391	0.011855989344507076	0.011446096074964336	0.002714892841100285	0.00339964710371855	1.884603245592438E-5	7.220832051595366E-5	1.5555563240535523E-4
	1.6541420899685022E-7	0.8223941069411838	0.11840733678314279	0.05656949369761398	0.0020808938583465153	3.208871792479904E-4	1.8063786275214014E-4	3.0306662985572926E-6	1.859973290295229E-5	2.0227883150737682E-5	2.759484010717401E-6	1.5548315860942002E-6	1.9983670455096844E-7	1.0178358923217978E-7	4.045261049830105E-9
	1.6348725817572074E-8	0.9421651194073081	0.02490622828782404	0.023122382473144198	0.0037118081140854018	0.002011097504592347	0.0036288465589124574	3.908316698785315E-4	3.381126126435643E-5	1.770762594107286E-5	5.62291047737744E-6	6.076429958200717E-6	3.040035122142639E-7	1.0984700633182218E-7	3.755736927694064E-8
	2.0012677903746834E-7	0.40839186097875224	0.3126295348243595	0.04969655351777061	0.1190360557126702	0.10771526206102097	0.0019952061539726305	2.359251043150032E-4	2.494069254600794E-4	1.9870541415242687E-5	3.7676319130114285E-7	5.500491555509464E-6	2.209213346167829E-5	2.1387635766930756E-6	1.590169930543956E-8
	8.438002976340897E-7	0.8068288697051629	0.0890245155558604	0.004481772920102143	0.041828494014227884	0.03709558423551477	0.008630263117847824	0.004108113912034693	0.006683422005677312	7.719108872341588E-4	5.002146435263635E-4	6.659045200992305E-6	1.0137791017971995E-5	8.836472494346603E-7	2.831471904554188E-5
	8.296209581172276E-4	0.2859453693974887	0.3649495589586197	0.016955600199639938	0.10158212408234722	0.0399483333014749	0.11035867460303897	0.033225219640365636	0.005017732093830957	0.020662465506099306	0.013497433617558997	8.307516596077182E-4	0.002563742663648163	0.0025181809418422215	0.0011151923763206538
	1.3832094347909774E-5	0.6505448314594547	0.038500108212270207	0.037443120835515604	0.004581795122089759	0.21293217994263408	0.01936197566754202	0.003634626974427751	0.016518204367902734	0.011713403622396132	0.0034931587857614855	0.0012037402581615657	5.1971447859683476E-5	5.438883636047376E-6	1.612326000093153E-6
	5.457683738385732E-6	0.7286542017240274	0.2196400467749394	0.023286953327003323	0.02028428731405426	0.0032300082732391786	0.002316250300635035	0.0018649937014958982	5.00234636162139E-4	6.364868093811005E-5	3.899325887600305E-5	4.666574793063579E-5	4.3859096869536096E-5	4.428967478523005E-6	1.9970512612169946E-5
	1.4987910108454905E-5	0.007818002509895394	0.0607784015377276	0.8012842391468266	0.017539054142293526	0.034205115521256615	0.04184069044887902	0.0011459329832202386	0.027492270765412677	0.005789705627001626	0.0015582263901644869	4.61543555815826E-4	2.337950930696915E-5	4.674101339431515E-5	1.708938696653836E-6
	1.6410605301331316E-6	0.500712586274513	0.24014054889994516	0.05174745829756187	0.11521334681938228	0.08039953044790533	2.749137266784268E-4	0.007845212340050475	0.0010467707153882294	0.002540657968405161	2.3014542166264283E-5	2.955718550555223E-5	2.04923670370886E-5	1.341437034611534E-6	2.927917896500426E-6
	1.1399245467558217E-6	0.06449464068476196	0.14527536497067836	0.5273477501300351	0.16251534482880148	0.06873186808705298	0.007893733744586158	0.008730837923170991	0.012549716217725685	0.0019904433967821637	4.4303873552525554E-4	2.423509379923034E-5	1.103507385459879E-7	1.0210336538687827E-6	7.548781415614092E-7
	7.555335098663463E-7	0.6754330870882922	0.04015874688278104	0.15814767599900603	0.06009514296052977	0.0512866729207256	0.006885868268580232	0.006574823202342211	2.3369722649919776E-4	7.299606374673386E-4	2.44320893014988E-4	7.574397391235298E-5	2.9753184049095518E-5	1.036239481795184E-4	1.2728111054738648E-7
	4.0477731011456797E-7	0.3964295409313201	0.15245712315137494	0.3814400173400117	0.04522500860256193	0.022619198317424132	6.908789966401191E-4	0.0010738181919035393	3.185383387769073E-5	2.9530913252486614E-5	8.038831791649312E-7	1.6987925727754337E-9	9.432113104226504E-8	4.0551726960005263E-7	1.3195239508376608E-6
	5.757406622338701E-4	0.400678306392224	0.03845871391232871	0.21493138492612368	0.2032785001217089	0.027340450347229612	0.07634687540209437	0.013580697874927203	0.01209053789725125	0.00883122651968346	7.919927922301823E-4	1.1206903998237742E-6	3.934088767750482E-4	0.001433925750139206	0.001267117834650477
	1.2759441540999283E-5	0.5949873409488801	0.2050422422262594	0.1303066001403703	0.001621027806804232	0.052553166498585255	0.0019441657998204498	0.007561478794985161	0.00507585157731864	1.6843161631289075E-4	6.231405793112176E-4	6.18527270831891E-5	1.281320270284981E-5	2.8390195141013223E-5	7.384448843979056E-7
	5.076056575070709E-8	0.27059359460161836	0.24639896524722632	0.29689057164272975	0.13605774644269159	0.03910429813279093	0.002619866102185331	0.001316971189253685	0.00525086136686638	8.779549091676446E-4	6.569018351129269E-4	2.2832641762555235E-4	3.781677461548443E-7	2.8943885578832238E-6	6.187958618385694E-7
	2.734348117372498E-6	0.18144713567552873	0.4607961927635357	0.04873579685772828	0.1905814288157553	0.10280022112449128	0.005181098400469789	0.005381471395938794	0.0019693001147024374	9.743513397973823E-4	0.0010681285556936656	8.579219942316442E-4	1.4377969212267432E-4	1.67989039467285E-5	4.364001794028198E-5
	3.6109360933567203E-6	0.37807385155973816	0.5132398445537052	0.05271033069230475	0.0014876264301705484	0.016465032051138133	0.029210589629215907	0.003716961068154688	0.0038101187591216773	6.479205211377978E-5	0.0010078507053906535	8.492795363089756E-5	5.264120504985896E-5	5.9729159750932484E-5	1.2093244421495375E-5
	3.778340462723406E-8	0.6117935205005843	0.2497347373544965	0.0649308467063904	0.04559065128255008	0.02146881000927178	0.00450626232794071	0.001932454072777284	2.7615509066477207E-5	2.971756235172595E-6	1.2731313393428847E-6	1.0235871447070363E-5	3.9298676203473457E-8	4.812750549960844E-7	6.312076485480004E-8
	2.523582121050083E-9	0.756185173196138	0.2324854943468192	0.005796305334537374	0.005244356454351696	2.3517524452089478E-4	2.060680137166076E-5	2.6361240025819235E-5	1.0136583361208468E-6	5.553799502657633E-7	1.659946220414374E-6	1.3451265692316088E-6	7.453546052133366E-8	1.09228577070806E-6	7.839263460988606E-7
	1.4076770005200245E-7	0.2915411320262242	0.25654628075560376	0.0908281408577736	0.10460155884756173	0.1321429215168056	0.11674314472160308	0.004568856925863763	0.0026831705654734466	2.557746380784825E-4	7.81402898957112E-5	9.519204196889787E-7	8.870085120155956E-6	5.702016434582835E-7	3.458802332268483E-7
	5.7492119626245675E-5	0.7693021352187795	0.08989917380047537	0.06417932104818962	0.013676167496212864	0.016363590327688176	0.0176348944472007	0.004687080517840376	0.008273659174387625	0.012549185017919547	0.0012830904871083335	0.0017999906593433414	1.1718652078327477E-4	1.603019066035342E-5	1.610029737847487E-4
	6.455427265850133E-6	0.35715412650793066	0.3366395994138376	0.27499808030082645	0.0034392508747734646	0.022163760859449454	3.2342259131873646E-4	0.004496409663173673	5.925890787718436E-4	3.788529083554671E-5	1.1795331469233166E-4	9.355719056696107E-6	1.0631168162424188E-5	9.137037045587403E-6	1.3427528595445324E-6
	0.001192982982844315	0.08601036336948586	0.1264271250246729	0.35630696794104805	0.006964014792994012	0.09372715204075156	0.20575951233131645	0.01511304776689662	0.088811538561777	0.0011081971507923836	0.012726781496174533	0.004017227387656924	0.0011334805938522379	6.343488529374031E-4	6.725970679955943E-5
	8.095224824922198E-7	0.5362859505958684	0.4512423619424685	0.00961117731094973	0.001045219299896869	0.001496965426306774	1.4568579717854943E-4	1.248441532551131E-4	1.1051694921176938E-5	8.053482258375414E-6	8.296611512208455E-6	4.108259232472261E-6	9.777754737389954E-6	4.728733950129172E-6	9.694149818162677E-7
	2.5427734362537535E-9	0.1558628357539702	0.34589688847150524	0.08947384279101994	0.022735282191633326	0.38094781036645586	0.004793638064662259	2.888285865371104E-4	5.517685348126979E-7	2.9207289294016092E-8	1.7007802320748895E-7	2.5407527670699636E-8	9.055316474234517E-8	1.4299268448285029E-9	2.7869760028692585E-9
	2.904726541519409E-7	0.6734786190094088	0.2931133596422389	0.011542416870459605	0.004445128588580285	0.014549005234855646	0.0024721420206098685	3.8066755211189343E-4	1.0186543528114655E-5	1.4222657724513572E-6	2.182734045593693E-6	1.3435284239062158E-6	3.2014002526538523E-6	2.5020797321708718E-9	3.163497822164533E-8
	4.06394551144551E-6	0.6208676034458774	0.20755323594230599	0.0581131259292438	0.0366969032726693	0.045102318681246596	0.02264092162301941	0.005755679781110561	0.0013026237043069339	6.592180522795232E-4	2.5830373900032773E-5	0.0011508798128577328	1.2094466327867582E-4	1.7265882004037197E-6	4.924184192087461E-6
	1.7554731707170035E-6	0.5011252643628035	0.3762594241474603	0.10489984812145291	0.0056958130784455895	0.008561187733262384	0.0014840801793342723	0.001027454950762931	7.523586627748656E-5	1.365945643464719E-4	1.8976782420800637E-4	4.4095686605082106E-4	3.299973411644371E-6	8.380897632871209E-5	1.550788268428009E-5
	9.531132028062217E-8	0.8201239135288144	0.03515250847269903	0.12051516248288664	0.022798294271130445	3.0872821539893743E-4	1.718822225341544E-4	2.5370742086478317E-4	6.276690749585142E-4	2.334446775792253E-5	1.5121708485544991E-5	4.572127847520707E-6	3.5222289750323614E-6	9.433918156376618E-7	5.350745111264118E-7
	1.0645984045987156E-5	0.9474130879751768	0.013138348713893319	0.03458825467520063	0.0020378541923495638	0.0010788543425066261	0.0010205126726671463	7.475145193566244E-5	3.6076326021155174E-4	5.757930323562406E-5	1.0941105897212132E-4	7.472181786500154E-5	2.8771621371152675E-5	2.8109144545013814E-6	3.632016114305295E-6
	3.8277951919241104E-9	0.49231216501039465	0.3792015144107967	0.11157735688854391	0.01313331362455243	0.0017439782233101399	0.001889907647558024	1.265414468219293E-4	1.6298555595583485E-6	1.2560230683668196E-5	6.530952877059639E-7	3.307595119113258E-7	2.1293907883755226E-8	2.210163732776088E-8	1.5836392518475527E-9
	3.727976628620233E-5	0.7036287440550524	0.15504777614410264	0.1150659989515146	0.014356892164454167	0.007951094609331638	0.0020402488178423565	5.102158969188728E-4	1.447193117574E-4	3.2503980681670535E-4	3.345011407818491E-4	1.640223781991995E-4	3.820908218151378E-4	7.002221634718702E-6	4.373913491909541E-6
	1.601186738753313E-9	0.9457830024955333	0.05117461283481608	0.002321920174751699	2.6648962667543514E-4	4.0400880704693094E-4	3.898282245312864E-5	8.176630774383676E-6	2.4266986370214986E-6	7.503328980033934E-8	7.765504476288827E-8	1.0875680426025494E-7	4.463733876272517E-8	5.999326610032429E-8	1.223238162443247E-8
	5.278600734293093E-8	0.9226214592012156	0.06662736719736999	0.0013567696596125595	0.004103066322191789	0.004939654624978285	1.0865535178181876E-4	1.1432350967079801E-4	1.2673295631090325E-4	4.2315608345381597E-7	1.3750259899036007E-6	2.0739336421290024E-8	2.5946596733915685E-8	3.270602553063108E-8	4.081682867667559E-8
	5.779190401900003E-6	0.34977898119527917	0.19228428910840523	0.23469541841370334	0.17105604042804073	0.004111196562650964	0.04754760384570137	1.8400770948325952E-4	1.397798740204341E-4	1.284047691281881E-4	4.6581413586838795E-5	9.639645348519163E-6	6.015709311891685E-6	2.543339732877489E-6	3.7187952053450594E-6
	9.464400078096347E-7	0.7883838645447275	0.19976426608536754	0.008158813984476977	0.0030516451735145356	1.6441195934704302E-4	4.974809575531841E-5	2.2490075614758917E-4	5.885746639944127E-6	1.4294521000163062E-4	1.4262838215672314E-5	2.5819178719786313E-5	2.098736613151208E-6	6.051096385348073E-6	4.340154080198187E-6
	7.564333909249044E-7	0.40286243446961567	0.44875560746183785	0.02456985213816888	0.07838658035893166	0.030115643093142335	0.007939988954618416	0.0070568751519372854	1.1320620225678162E-4	1.7217896364385117E-4	1.5144621904797453E-5	3.911021427695034E-6	4.7900085114954185E-6	1.3946564538101354E-6	1.6364641586108578E-6
	1.537753757663296E-8	0.28362405097278076	0.5288175923903212	0.07937608900478389	0.07226830880553657	0.03552875335412032	2.2231486931076661E-4	1.4845128844491335E-4	1.3519001268513088E-5	5.413786373963687E-7	5.6692828439505446E-8	2.1785192678146255E-7	4.762754022586185E-8	1.3510019674380423E-8	2.7874942906077938E-8
	4.3579684749772696E-8	0.45591089680374675	0.43296423648287435	0.08563558054871721	0.008065896059763397	0.016340321995629393	7.458847342933191E-4	2.0512312513174037E-4	6.897761283432144E-5	5.472586039083228E-5	6.069219649568567E-6	1.7901792632714936E-6	2.8242027258596426E-7	1.3669454882696133E-7	3.4683199730842785E-8
	8.494470492559358E-7	0.7878669391945247	0.15872301082090415	0.014359908851677886	0.03866939208448044	1.529705763576407E-4	9.210422258781947E-5	3.8987501391124147E-5	7.644002924680442E-5	1.0771833768584897E-5	3.334022606500154E-7	4.359538363733166E-6	2.8778902126764945E-7	2.763022240894708E-6	8.816861249842721E-7
	4.333147629598244E-7	0.20708182179801327	0.6673198051757387	0.010077681046368055	0.023086313438072766	0.05329082518885532	0.009659454229693559	0.027322920590396503	9.307335734653572E-4	3.972888664515056E-4	7.780926485404885E-4	2.7545864118610984E-5	2.6600386578246447E-5	1.2322851371652164E-7	3.6065043089857793E-7
	7.240018851106811E-8	0.16303682328682434	0.3405149990852341	0.3606449799122061	0.13520221370827956	3.920139052083015E-4	5.1379208052879575E-5	1.2711054577884488E-4	6.79042157484317E-6	1.377112344428677E-5	5.828506718628975E-7	7.834211560575234E-6	5.544049477086064E-7	6.765314201140755E-7	1.9840460810874886E-7
	9.06418585366886E-6	0.344936364720441	0.3067746881772587	0.12461527526328076	0.20593149084456425	0.005703990904671798	0.0076104022733659606	0.0020320311772521835	0.0022171742380630885	4.54408262207576E-5	7.718781466861247E-5	4.28828077045399E-5	4.280201365801715E-7	1.331530648580301E-6	2.247215869660954E-6
	1.6869627805782272E-8	0.7266367928638452	0.24901290835742393	0.01478451635427247	0.007498147514017639	0.0012733355199195564	5.3811971683466155E-5	1.31346756692455E-4	4.4917321997689074E-4	1.249424487227173E-4	1.797037822415314E-5	1.3054141173029061E-5	3.7523817189886834E-6	1.889541302638913E-7	4.226857137728838E-8
	1.0432933483794926E-7	0.9934517106426836	0.004528872384726595	9.962915639775921E-4	6.69700999891018E-4	6.717124072505056E-6	5.571285155935188E-5	2.209169836151531E-4	2.048099841304618E-5	3.232438466922951E-5	7.5243728055594016E-6	5.30190943025094E-6	1.2235827005847512E-7	1.6841093994512358E-6	2.5349871516425833E-6
	1.9317056065837335E-8	0.9745554549098966	0.020704798560153573	9.696306408803616E-4	0.003217007176178612	4.620264702705423E-5	2.137512044423457E-4	3.1240914965098416E-5	2.024028164712877E-4	4.279806284120642E-5	1.634024589749383E-5	2.7482389555415745E-7	3.6601273610777196E-8	3.350372309137377E-8	8.575298064701298E-9
	3.252217901006382E-5	0.5089401548469433	0.03215560373512737	0.1031808441125332	0.28660431173476775	0.006390632309731675	0.04692639797323217	0.008709269762233383	0.003699495891569435	0.0012736682901325475	8.962184685309651E-4	6.432481112464742E-4	5.222392529703095E-4	2.1493302067553576E-5	3.900029903668863E-6
	2.0240385150915863E-5	0.0961948605364118	0.13843606092204636	0.7180333408430164	0.012695150992673968	0.019524279257179377	0.008242997850886417	0.004021129481645292	2.1793553122988443E-4	0.0012281131951987832	0.0013743498004828486	2.6766211339858555E-6	3.951626171006919E-6	2.066275725974281E-6	2.8466810470197153E-6
	7.129450251275316E-7	0.09393228276247645	0.9001637175116679	0.0033397455167045523	8.98124848327177E-5	0.0012291928311299483	8.108684674088528E-4	5.561685138792361E-5	2.1545978913124707E-4	1.1487948472482078E-4	2.4480248064299773E-5	1.451475609899084E-5	1.9330263148462138E-6	5.5624377987260245E-6	1.2208872335422993E-6
	5.936598073907895E-6	0.22402762731410208	0.6474430076758377	0.0712078327720101	0.004932651386979892	0.018016578700060584	0.02983507917590659	0.0025175470778429692	0.0019464750968471725	3.88615783678703E-5	2.0215151746730282E-5	2.5267059631634935E-6	2.9499298793112787E-6	2.66021410603249E-6	5.0622275914610156E-8
	8.117206996116622E-6	0.8268708690434611	0.03034254757458805	0.08062584630565732	0.038660070534568235	0.008483686288124466	0.008012790710471219	0.004968047944398986	7.18446852060711E-4	6.750233811365825E-5	0.0010631431128864878	5.3403291271085955E-5	9.075478033374575E-5	2.8599034533135132E-5	6.174982535734462E-6
	5.308457085018148E-8	0.9778557853785959	0.008675649635458619	0.003071100936361695	0.003219546158212921	0.004483602800453924	0.001872351543110403	6.463909573684054E-4	1.7266398414248263E-4	3.149353796877911E-7	9.949312204427813E-7	7.737427242266199E-7	1.7141430680535284E-7	5.004494202145684E-7	1.0004867346651592E-7
	1.0009111959252692E-6	0.05900068507029077	0.593398944532492	0.09278169701312214	0.17510362999592008	0.07258048606039844	0.006863932173313114	2.0215419752256985E-4	3.717906806429854E-5	2.5410240717978447E-5	2.873436029175145E-6	1.0370220306328258E-6	4.2295526173019E-8	7.214305064694968E-7	2.0655287012520956E-7
	0.0025477110143458104	0.20095746450310537	0.1059701656359865	0.2727326597328575	0.11404275928925776	0.12241119830615645	0.09186946715975165	0.027818872737275548	0.02783937490728197	0.010812802494758258	0.013752982283837312	3.0714431210608937E-4	0.004804669259319729	0.001200195258321341	0.0029325331056386022
	2.875986115924434E-10	0.7011290741842672	0.0683833885282138	0.047641429842183336	0.1473361931594628	0.03059957358200601	0.001007266091652436	6.551555942578848E-4	0.0031434897411932432	9.444596368591925E-5	7.647794562859745E-6	1.5171216586094127E-6	8.013520616174864E-7	1.4769988242203419E-8	1.9872074461478536E-9
	7.507346422297445E-8	0.8409717443967756	0.0011862385420520686	0.12827422190046994	0.02858960492192106	3.421385190543892E-4	2.4232703791594518E-4	1.6279698531253555E-4	1.546648761294446E-5	1.7824121838493376E-5	1.663916076384348E-4	1.946794783381364E-5	1.1628548283276253E-5	6.79152093500535E-8	5.994617996253558E-9
	1.3317502145504534E-7	0.7129707785839827	0.03015047228556433	0.2423508515414675	1.2698318229169292E-4	0.0043917121784575455	0.009423662318197537	1.458201447766536E-4	3.202977375387459E-4	5.490715650413197E-5	5.7023587607845485E-5	1.4033819470449872E-6	5.337992200349087E-6	2.4394227610086854E-7	3.727921664004079E-7
	1.4518765568694025E-4	0.7027860367619837	0.10931667591900722	0.06108903367803948	0.055319086738257514	0.022792215713925187	0.0407134601920282	0.0030120856038147454	8.977592358785911E-4	0.0028970969480640986	8.408011470901958E-4	5.8094943014595986E-5	1.2136696767713501E-4	4.586783332220893E-6	6.511712200296688E-6
	1.6472634210562553E-5	0.11657967544466219	0.6789344322622413	0.01064736811695451	0.02129559960231658	0.02238630641926491	0.028513590114431338	0.0311502813956735	0.07414258533097388	0.0025938758670357893	0.01120828333812437	0.001023304240041338	3.4796045514987354E-4	0.0010415356250061286	1.1872915391391122E-4
	3.0066555256613725E-7	0.29385470216281306	0.03706018785043058	0.5629849479700302	0.088508722851063	0.017002743011091746	3.655945518982179E-5	4.7201527945339624E-4	9.486513236265848E-6	4.604389672337784E-5	4.760616683626419E-6	1.0054844623479452E-5	3.2924251198448148E-6	3.5692979770202204E-6	2.6131600119812086E-6
	3.6399599072645117E-6	0.08290920642291844	0.09044971368450172	0.4929829084491294	0.23447137765771392	0.030404573561556507	0.03056879750286591	0.004635544317261486	0.00838281788504504	2.9857836458996415E-4	0.020868688512243105	0.0022999719471181786	6.537294763723893E-5	0.0012992459900102106	3.5956279750162795E-4
	1.2241153646286307E-8	0.19429115463660152	0.8021964224889215	0.001762235550329652	6.196564618223281E-4	0.0010581626155859777	3.874121658711291E-5	2.4435314571669297E-5	8.498604807092186E-8	5.465126892600337E-6	5.552341499912005E-7	2.2369933946414173E-6	6.523999176794593E-7	1.4131410130083388E-7	4.341992234349038E-8
	2.7069242427568696E-6	0.08683239408109467	0.7173531423636343	0.0884238696223986	0.005085214109903872	0.08349086669341689	0.01207192464226051	0.002081439426660572	0.001455480268977771	0.0028627721457091513	2.939999481689127E-4	1.842421347401067E-5	2.554879465335711E-5	2.009091130508588E-6	2.0767427406293248E-7
	3.1386936893973427E-7	0.3147401262497751	0.5269410380488452	0.07768821969390237	0.052332967930658475	0.009483698661793499	0.011539383752273232	0.0031173516133900614	0.0013794508730641754	0.0027245929236348514	4.296249601190429E-5	5.763154123627892E-6	2.820492982018215E-6	9.450538588858424E-7	3.651863177203823E-7
	1.1863112836518752E-7	0.7909911924890409	0.021207782136779117	0.16856695500545454	0.007919502920696498	0.008077174190265806	6.322497729807412E-4	0.0015591235864327482	8.121632399986098E-4	2.0010228819164727E-4	1.869634278638072E-5	1.3895526248114536E-5	4.863476031816323E-7	3.933102281904631E-7	1.6421216518676714E-7
	1.0637213223585462E-6	0.054450875266369714	0.1504785348272893	0.6286627496005646	0.1419529187779544	0.012536924520338501	0.0045124497267584164	0.005870101505117128	9.71434486704596E-4	6.63533965144733E-5	4.05581062160987E-4	1.9541680414813276E-5	6.059204732222855E-5	1.0780114643844777E-5	9.926652452532617E-8
	2.2520533781933416E-5	0.20263411338324266	0.1477080958341047	0.44111132083937477	0.051447017208374954	0.11502129322475335	0.03848868756833711	0.0029797139024671376	2.2779054499215903E-4	8.185430325133865E-5	8.883395487161339E-5	6.513997608785926E-5	8.306340936881259E-5	1.8457954027987086E-5	2.20973629637929E-5
	8.256740802181639E-8	0.7401358954604067	0.010095412068870449	0.04064954593024316	0.1513033713921351	4.378977088486999E-4	0.050432515002624065	0.002890355860818042	0.0017329449400790944	0.0015445138087003469	7.553894527154623E-4	5.501954205403188E-7	6.665536261021354E-6	1.1646297143978544E-6	1.3695445754733301E-5
	2.216807831745271E-6	0.7501402610569887	0.07284059882310251	0.039110476368866685	0.11782776148439919	0.019200443644420046	1.4902472099429128E-4	4.8792472239369644E-4	2.1648455793975658E-6	1.29089120478688E-4	6.12778372282135E-5	2.0876286696169302E-5	6.57689472632092E-7	1.2064371738829548E-5	1.5162219809272155E-5
	4.3976833286052397E-10	0.8131139697278025	0.07764815386124001	0.09545386855482604	0.011330866137726976	4.1869871282341147E-4	6.662974980018285E-4	0.001149512767392509	2.1599402790967685E-4	1.3618521403937452E-7	1.8654685386144934E-6	5.956980215638952E-7	3.7415537295245295E-8	3.4460236886329022E-9	5.917347582088853E-11
	3.931147410596303E-6	0.24721666648704954	0.5187770933318471	0.21108182233783146	0.022063864079743825	3.9846554747381924E-4	8.303031960087579E-5	7.1812634935803E-5	2.041418144460031E-4	6.447117579629246E-6	2.9804679750213468E-5	5.348562643292094E-5	1.0213783385297002E-6	2.8266743113479227E-6	5.586823248195107E-6
	6.85896654639695E-6	0.03790035917357737	0.6125442517920748	0.04683870828608906	0.0022096536550508883	0.08779839723576625	0.1492633309171427	0.019013382855182826	0.01605814614042404	0.015502383209341445	0.006296235937558825	0.005331443873474857	0.0012104198081918157	1.860285945760469E-5	7.825290121139668E-6
	1.493423973375485E-8	0.252795192054587	0.07382072986575232	0.1454453130836	0.4407042496941717	0.033498011388959435	0.04302344516999285	0.0062461774165111774	0.004287088887576405	1.2909441858347182E-4	4.719985056921489E-5	2.5685531192724568E-6	1.553074470756941E-7	2.9832531886121033E-7	4.610495714538781E-7
	1.870864452913068E-6	0.5298212445215136	0.13867559990936534	0.2893686753196891	0.03563323686771035	8.19411641800286E-4	0.00298029340843727	0.0013494881117889173	7.765192600443728E-4	8.875944255044477E-5	1.638613069558547E-4	2.4934734588179946E-4	3.206626578671485E-5	7.659163291578534E-6	3.19665707312282E-5
	4.084626217482068E-6	0.09344407559667478	0.663891880310597	0.07357806380644656	0.04036220576605791	0.08234136720719856	0.028494043718502355	0.006683710952470276	0.00903366895156054	0.0013354318002974618	2.5092321887364323E-4	4.84310219091769E-4	9.143451657529799E-5	4.45420176684244E-6	3.451076694496073E-7
	2.3541448501696038E-7	0.6423929585162433	0.14527767319310683	0.07816951024012153	0.11284958438888829	0.010142091423023192	0.004747163257113728	0.005066258494272644	7.552152353192826E-4	5.062128578684689E-4	3.460831328674934E-5	2.432059554852064E-5	3.37680340245535E-5	3.620278317828004E-7	3.800886612033704E-8
	1.4609015601019237E-5	0.7926483799065074	0.028558631427028615	0.12544400640219705	0.0398059065590907	0.008231068376532171	0.0030659495044584764	0.001246232945528653	5.294167833646938E-4	4.301952997178663E-5	7.823112065308528E-5	1.7681115882134868E-4	1.496321112869927E-4	4.0709857218703694E-7	7.698060385760521E-6
	5.063107925140642E-7	0.7171215693570941	0.2653566820346515	0.0059821886516828755	0.007541314216000358	1.2304902697866601E-6	0.0014321028250448705	6.1362031189572E-4	0.0017029601486411217	1.6026721672690456E-4	6.284085180552663E-5	1.235971136266892E-6	2.0322891521846157E-5	4.535517815457024E-7	2.7051709550047452E-6
	5.049266764700633E-5	0.34760279395261384	0.10720006988698431	0.1379430054628955	0.19173076248144982	0.045168981759074314	0.1453544276262909	0.014404930425361794	0.0025598117129308727	0.004047677833769097	5.36437674862969E-4	0.0014668086790478947	8.682726186874479E-4	0.001048600373047	1.692684533707735E-5
	2.024892763463626E-7	0.3790414645436926	0.4547249803460779	0.076248301524404	0.06386020342069006	0.01585704841667099	0.0011690927760098265	0.004379474235331668	0.003969208122556985	6.619523659805007E-4	6.372780035219575E-5	1.1415500414292145E-5	5.862673304187604E-6	6.558319081004966E-6	5.07466157357385E-7
	1.7078282676941114E-8	0.20919890327183754	0.3491188919920618	0.4005450774313414	0.01809897894402069	0.008020570235524058	0.012444679809088994	0.0012726016252110545	1.5702613732624927E-4	5.90551840997603E-4	2.0646528085042172E-5	5.123343001346939E-4	1.954899535359925E-5	1.3987594950347956E-7	3.193478503527901E-8
	4.0908357701319176E-8	0.4607263032028357	0.16558796267672393	0.26592669907063277	0.08790271698587539	0.014637244846287891	0.005032012661607383	1.3735443625990959E-4	7.685920461503879E-6	1.2258581717915347E-5	1.4155397180547314E-5	4.713124780448668E-6	9.511418189802398E-6	3.995535809513584E-7	9.412155080906472E-7
	4.086690654214742E-6	0.4546786993236247	0.4430826938917088	0.07031890943596676	0.011547960890102228	0.006028981041077881	0.009038060368618461	0.0034414921230964328	0.0011198444102439237	2.2981510722177613E-4	4.849498376685652E-4	1.267848329210073E-5	6.977195732377071E-6	3.5753920796692376E-6	1.2758089122985832E-6
	9.443364978878321E-10	0.7556695347082603	0.22678071267943037	0.016068510902834007	8.169284731939432E-4	3.2514324965758244E-4	3.358815636876765E-4	7.943307404928962E-7	1.2782404663703376E-6	1.1345219701849723E-6	1.7159810264378496E-8	6.184456630170789E-8	1.0372336838053913E-10	9.074018783188248E-10	3.6992071024771413E-10
	1.1299027802280648E-7	0.9949644511966135	9.140369617872498E-4	0.001386396065251218	0.0015897230253254866	5.885099134587004E-4	4.2805069356846977E-4	1.2746902001029253E-4	3.9221020352285045E-7	3.975394834291025E-8	4.455382978426108E-7	3.305985333177033E-8	2.351465844907043E-8	2.084150605144127E-7	1.0764168515895489E-7
	1.9145423824085128E-7	0.6388457397867441	0.2591792781082289	0.05478610880708539	0.017467380527614474	0.026786857007624242	0.002293855931579344	2.2037429507160746E-4	1.006533014522017E-4	2.2826536464658274E-4	2.6908795423074138E-5	1.944535134022097E-6	5.962026677445039E-5	2.4167061083727735E-6	4.05112275222839E-7
	1.189621060776469E-4	0.22996482994397094	0.1667050137565746	0.057052073116560874	0.28384236551101083	0.12731603595737762	0.10756304760712194	0.019091180653898365	0.005898594933427391	1.2548623094038513E-4	0.0014429259289933016	5.6029398720204E-4	1.7401665105814702E-4	9.683040085743932E-5	4.8343214928617893E-5
	3.0915490750738073E-6	0.14792811380805826	0.3500094001543713	0.131240928803266	0.1616908133264801	0.16589188867831636	0.03591708286462773	0.004715648228288089	6.283779629211996E-4	0.0019040841570867487	5.406665892948009E-5	7.582532562157576E-6	1.8944029521533063E-6	5.736627148328741E-7	6.453210350455989E-6
	1.2461587095558002E-8	0.8551956588812157	0.04435955013174185	0.07912612954479457	0.01836201821647107	0.0013928671847289941	1.5256686629028604E-4	0.0012634351578317588	9.858135874450568E-5	2.9698586614488307E-5	1.9386485903183914E-5	2.8949947340390908E-8	6.24215118868526E-8	3.439457295068379E-10	3.4086714207564353E-9
	5.9368538542936555E-5	0.39305154018728905	0.41713304412441093	0.023035667204774634	0.05223992013811518	0.04431721616528004	0.002784250352860953	0.01109076428755884	4.903019065958813E-4	0.04602371382397022	0.0010984304748810402	0.006750086219747048	6.431827063983051E-4	0.0012519797064922426	3.053416308258414E-5
	5.8888209971019734E-5	0.03184321679284785	0.08894067746494581	0.6639861274840495	0.041075643223075664	0.11009736602999848	0.009428307295887397	0.017421023653955547	0.019153638918801695	0.011235980262089135	5.022486272433902E-4	0.005814877861697917	3.500261875451687E-4	7.710420189265308E-5	1.4873785998767997E-5
	4.211906985288616E-4	0.15617468616971175	0.6612980854401259	0.11882880876317252	0.04234144736825296	0.009202300978735289	0.0038793877119020024	5.38848136158542E-4	0.005524047057427842	6.639192430841818E-4	2.283007144084467E-4	1.7800667929610266E-4	1.8524606882470288E-4	1.2975320086195421E-4	4.0597176950886936E-4
	1.5773370137805998E-6	0.8599366037029119	0.10962581382851143	0.009074092845820135	0.01472908332873803	0.0047797675846364225	0.0013468059650084128	1.0467597763410649E-4	2.766970606212943E-4	6.630104609098009E-5	3.197639860301026E-5	1.2251258418422168E-5	1.415057679567928E-5	1.3376125686738763E-8	1.897130709044137E-7
	2.280290974909782E-5	0.25300870664510977	0.25841863536167636	0.18054693436908945	0.04281036326161858	0.2158146179884999	0.014350263449234657	0.013024474977754755	0.01621035373651967	0.0031751514420293183	0.0024800684666538507	1.676550009525927E-5	1.1163892221440492E-4	5.442443478022153E-6	3.7805262771644713E-6
	9.275500210526033E-5	0.04058501920433821	0.3188730577164414	0.09756031788604702	0.47653921516157693	0.03484196812886128	0.023574500636893092	0.002816794771336294	0.004301138684667225	3.890733213882794E-4	2.3315772069814136E-4	1.723067800502332E-5	6.716711353995298E-5	6.099306239762786E-5	4.761091170426779E-5
	9.854931580788318E-7	0.6611440319165154	0.06767635104306967	0.26590182841795623	0.0031989095641532564	0.0012552937461805223	4.983168423820372E-4	8.661389673788591E-5	5.3437847558482934E-5	9.421265899549293E-5	1.7375608989459805E-5	2.456388809777876E-6	6.580920407571041E-5	4.048221523193929E-6	3.291498947167682E-7
	4.042907233436921E-7	0.7782752009579595	0.0827025251303753	0.006582021142328161	0.030967020462725287	0.04510344700769024	0.024115356475483008	0.0032240803949876245	0.02308730568163011	6.829189023140938E-4	0.0043781265236005	6.655453174714787E-4	8.811393847483853E-5	1.2765280486305732E-4	2.809693733980454E-7
	1.236174791308109E-6	0.567421027981218	0.3918176230555316	0.039048895513291305	0.0014719798756650396	3.2888929830660846E-5	7.556275647737776E-5	1.0788559407856399E-4	1.3043555507354516E-5	2.455399224468369E-6	4.290333651490413E-6	1.6787153589348416E-6	5.85040235465646E-7	7.412543365533812E-9	8.396625950990648E-7
	4.241949556060831E-7	0.3580122059460559	0.3906841299585302	0.17316841626205826	0.06510668044890976	0.012932807076565236	6.4084805566341E-5	8.173508673959356E-8	9.04816906031026E-6	1.3993153457790078E-5	6.242747397661694E-7	3.041542931216605E-7	2.0128787413499306E-6	4.569522356077319E-8	5.141246756193415E-6
	6.140537966992099E-9	0.35575417370103735	0.40190754519222005	0.16955243279152338	0.0598858256537431	0.0022028055113895283	0.0059792685641072135	0.0026343298808791525	0.0013098095396002387	7.651331820315757E-4	8.417662068825125E-6	2.2127258658678653E-7	3.008366136354131E-8	3.313992106995188E-10	4.932144707115944E-10
	7.066422941348627E-6	0.43462743622806865	0.07499735099849375	0.24283331766036595	0.23105666450789722	0.010593030563252098	0.0028151761473828997	9.68731320385483E-4	4.5896308795806304E-4	1.09915041671252E-5	1.5060362654213932E-4	9.317296233992671E-4	5.1202967044589E-4	3.6110859842654574E-5	7.977788574437952E-7
	2.5431162884892444E-5	0.1435335582035001	0.8008850540121633	0.00869663638371937	0.008947437148435993	0.009422749706630526	0.010342995195941725	0.0017326219370385587	0.008604989054296339	0.00275666970309416	9.84451578186293E-4	0.0014820555835493804	0.001346426863773521	0.0012125236006019762	2.6399866183812504E-5
	7.418459554431323E-7	0.8928650707112092	0.0934194169705208	0.0017223067817189323	0.008191315853323217	0.0011802459871861867	9.594266428870253E-4	0.0013347841365255015	5.000071049065632E-5	1.979600720956474E-4	1.7119510869531276E-5	5.628723094006255E-5	1.236581952919807E-6	3.223344882347618E-6	8.636194424082003E-7
	1.6208639651571488E-6	0.7803914573262273	0.19056090754348487	0.023023368178704717	0.0018006064832985361	0.0010131910134687197	0.0015236030250911415	0.0014942654662078523	7.061451214671834E-5	1.061496539932956E-5	6.928096026689568E-5	3.5303840080653597E-6	2.9885024779210743E-5	6.292977525394672E-6	7.612754260841459E-7
	1.3133958531430512E-4	0.1768988832629944	0.049874309688296974	0.2163452074278893	0.474318814352612	0.0674340847164305	0.00891080044286388	0.00159592848261676	0.0021636762296459435	7.043679290697807E-5	2.739001465361753E-4	0.0017071585244458766	1.4249479309349881E-4	3.461217414881927E-5	9.835338020455298E-5
	1.369727319455727E-6	0.24753608103880165	0.3263181119340136	0.38180722558975877	0.037093583671845065	0.004341270285955562	0.001652597585672527	6.790201767909926E-4	2.2681199866101306E-4	2.0112609645143553E-4	2.840533683108638E-5	1.0923449543452277E-4	1.7727994337158362E-6	3.095038188224023E-6	2.942248423546327E-7
	3.853555663457797E-8	0.24671887631630807	0.24343702346824841	0.19561371248554763	0.2092995344937519	0.10181962873499607	1.8744572222407065E-4	0.0023392580485556516	5.697471401988549E-4	7.49291356131802E-6	2.6750952993872355E-6	4.180451218031855E-6	5.7146373416592486E-8	3.287639757238715E-7	6.841847664960863E-10
	3.380166541555596E-6	0.1390182365672178	0.4450467255698341	0.26724245070075	0.1229937675656218	0.0035437938594702874	0.004694711798661625	0.007360486811282104	0.0046640698478119	0.004024056525043316	4.4949289680349545E-5	4.879435061373625E-4	2.757397428881841E-4	5.362561358513403E-4	6.343191320818713E-5
	9.005550483109914E-8	0.7963675262404442	0.11951518955321432	0.05506883267426379	0.014337891360444853	0.00623458171865137	0.005949848722640514	0.0012416769890886419	1.6800966122846236E-4	8.15426257911555E-4	1.2217194763928794E-4	6.461891677973527E-5	1.0738223847899302E-4	6.657851234365038E-6	9.581247542524631E-8
	1.6523951873459453E-8	0.36821109962065346	0.6030718507081578	0.026443551667464753	1.2555061946719126E-4	2.4835837674214444E-4	7.33756616879264E-4	0.0010348684181956862	8.622148061080383E-5	3.402146932381418E-6	2.388136433278661E-5	1.3411086838000114E-5	1.998688323600191E-6	1.814521169418949E-6	2.1816028088361233E-7
	1.2807385663116122E-7	0.06529365577892465	0.6096172349800334	0.20256897484182215	0.029994810900218778	0.016465231048131645	0.06699633456575953	0.00740779223608108	0.0014831728656966635	9.376918240505859E-5	6.239334508450468E-5	2.179167176967614E-6	1.408766785018777E-5	2.091674947761557E-7	2.617946387502932E-8
	4.444163195782558E-6	0.42344711306845784	0.07012431678609045	0.3767034151479811	0.11201251162827885	0.002793942140024463	4.171804630550363E-4	0.007421573713094116	0.004962819983319633	0.001973584725826606	1.0407321002378747E-4	1.388271328211786E-5	9.810813066334265E-6	3.904678131559261E-6	7.426766172315179E-6
	2.318888192576196E-9	0.48913143215261845	0.424546668103002	0.04245552158559265	0.041920628006293835	0.0010864269188917228	3.76370510515826E-4	2.5331518946692424E-4	1.484077335288276E-4	7.205681207215365E-5	8.083152897905746E-6	1.85428937202984E-7	8.845618265327121E-7	1.3840108339831989E-8	3.685359326704297E-9
	2.4703706369422207E-7	0.39617019231121353	0.1625732374876822	0.05093695556727313	0.3677174256015764	0.02126682589983065	9.116598802641437E-4	2.1748466813657593E-4	1.3029269822514774E-4	5.1854741659450415E-5	1.9009127965453945E-5	1.897283582983364E-6	1.0092560291015746E-6	2.1250257438115254E-7	1.6959369230580547E-6
	1.3588474171655207E-5	0.5700007998438588	0.26246026385869015	0.1241339821441977	0.0033518889814853135	0.026147805081013623	0.009071263409965424	0.0038316303358394512	4.263435658845005E-4	3.194252665591118E-4	2.960508397758949E-5	8.926891367722496E-5	5.515997658555231E-5	6.896461016452139E-5	1.0453929484290531E-8
	1.5266766023103173E-4	0.6231254772998482	0.10273462749785309	0.1310475116551896	0.058371754952073994	0.062488705884316216	0.013143657831941517	5.5394496563395E-4	0.0035690543474362346	0.0024261266989433097	7.713246289304728E-4	5.109257914859866E-5	9.431682607209606E-4	1.121628996837721E-4	5.087228380490755E-4
	1.503479748746761E-4	0.6989651357183784	0.2450367621183823	0.007176215502684655	0.02599449021957582	0.013280966229278882	0.0026167523597222845	1.2234546260978064E-4	6.947933331793324E-4	0.003532095715255951	3.319657025918643E-4	1.0883765430230049E-4	2.7520378959850015E-4	0.0011490620244301144	5.650261951352119E-4
	6.7732873453296705E-6	0.12102271347174043	0.28285043380908914	0.20557452359064737	0.04355518298697164	0.2698473693130481	0.012566093901807159	0.03547248813682417	0.026673668104802834	0.0013584870720977644	0.0010472377727050656	2.694331596050951E-6	6.842726716994632E-6	1.4202142682086344E-5	1.2893519258485327E-6
	1.2297846744613317E-5	0.2345702132629588	0.16960135625944933	0.415034609065625	0.1082795107498232	0.04181557506603273	0.016309039423870266	0.006852983285800277	0.006101359672535891	9.109269065216455E-4	3.524918151902118E-5	3.089559073673252E-4	7.01351088450617E-5	9.009559713477717E-5	7.692665772027903E-6
	4.796583463750892E-9	0.04777402577503609	0.4119330756121535	0.22524840652673886	0.22720313453284824	0.08550596535283596	0.0021617924600339134	1.209163939722366E-4	2.9976305911857148E-5	2.2483636375726815E-5	1.102863969734556E-8	1.0190479697437908E-7	1.0492728179807521E-7	2.9676585710834275E-10	4.500260612550028E-10
	4.20220762453738E-6	0.931428602945323	0.004014418843141794	0.03759920736258265	0.004000267546844901	0.015198107385966053	0.005807201040455139	0.0016579430986680577	8.04540476580572E-5	1.4462964614587296E-4	2.8037862924212683E-5	2.9970742512210963E-5	5.614391731518476E-6	7.667785317394912E-7	5.760998901363752E-7
	1.199598541390401E-6	0.19882004686082	0.37513061660447705	0.17030961924067756	0.1820253116835166	0.06328789274748546	0.00661110887234736	9.80208313927407E-4	1.892677111432471E-4	3.2359872825228663E-4	0.0018874965119674782	4.0329355286292785E-4	1.5350495251975447E-5	1.1096873443940806E-5	3.892205285317091E-6
	1.897877430478978E-5	0.8216017960568179	0.03424899127462184	0.045439209575746695	0.07014516142173696	0.022227938480306065	0.005830205419285545	7.283004206604795E-6	1.8286625378819582E-4	2.2897994808652004E-5	1.7408142403266453E-4	1.5638504531780824E-5	6.837790858928645E-5	5.905638780734456E-6	1.0668268442184322E-5
	3.4844888774365756E-7	0.04022303776844227	0.619202591047847	0.2959151248937571	0.041711445689991834	0.0018200708465586212	3.1683849589715104E-4	2.460131199540163E-4	1.5953659326705606E-5	4.548824788422538E-4	5.285604175803258E-5	3.422017774112114E-5	6.092305903023925E-6	3.7384161118501506E-7	1.5118348176827964E-7
	3.261694666578663E-7	0.8790721365518694	0.031518641291068066	0.0822904884506147	0.0016890905033618518	0.0023811067779442273	7.748965830505492E-4	0.0015164124331849343	3.1055118899978696E-4	3.773318423627241E-4	5.572628184586471E-5	3.4075554666463618E-6	8.550783181528076E-6	5.770449001110725E-7	7.565426828715541E-7
	1.3176469804143665E-8	0.9921197555531118	0.0019476528692075196	0.005251055453230012	6.519934668804465E-4	2.431520667593304E-5	1.5209175865927267E-6	1.5679101650795156E-6	1.191119789390438E-6	5.089725836775951E-7	1.0233720943209363E-9	8.862869110371757E-8	2.068200246134866E-7	1.1892849387263483E-7	9.953718334632261E-9
	7.089634340418094E-5	0.24388499481069548	0.24695744634047717	0.2400574999452817	0.08539352397137438	0.09089982505400114	0.031884114952469914	0.012006790765114427	0.020016985464170373	0.0024823120041920143	0.025929989615562445	1.2824034691787556E-4	1.7448031885866988E-4	4.671696617223354E-5	6.618310130802305E-5
	4.2741148176261845E-7	0.6067901090859191	0.19316552758551553	0.12657481927502098	0.06313426484812905	0.009971409187315866	6.338104979053784E-5	2.3072940314630935E-4	2.0614869885569287E-5	3.367637557600874E-5	8.646524090949846E-6	6.288895654299013E-6	1.0232701863075126E-8	4.139233276751816E-8	5.386343921977753E-8
	1.0116073350108223E-6	0.4475814395509087	0.533483360272727	0.015056557691771394	0.0036460468719248626	6.471044617440388E-5	3.8897381461583164E-5	1.0791728543261105E-4	1.0864203258736566E-5	3.756863793567275E-6	1.737963809877096E-6	2.4813285635093237E-6	8.886471211405684E-7	3.2102171185198826E-7	8.864005859697791E-9
	1.169818658819377E-5	0.9350129478165452	0.01156519780323398	0.0076310594110500455	0.027820628410385233	4.890711870199987E-4	0.006798641750170671	0.007760478125433366	9.789515580816003E-4	1.32343663180745E-4	8.495003098539209E-4	4.961973300985405E-4	7.595310776958936E-5	2.4090985603096398E-4	1.3642148455809906E-4
	1.826837225937794E-8	0.9653300833753338	3.963213162051103E-4	0.027617425800871145	0.004759938500163109	5.708751358349403E-4	2.926868078870318E-4	4.097575372708701E-4	3.9373547144745604E-4	2.085186750917122E-4	1.5883987766424813E-5	3.0669779516924174E-6	1.1540631011499178E-6	2.983357086212291E-7	2.357469944603821E-7
	2.898846245269482E-6	0.7425431335761936	0.23566117237358297	0.0037892165742915377	0.010174530933143319	0.0021996824375000615	5.629597142416469E-4	1.0640298628085672E-4	2.0414761957897643E-4	0.004553803578230819	4.132425364049426E-5	1.1840359117849598E-4	3.2644017767310214E-5	5.8661590216781745E-6	3.813339103040196E-6
	4.595780741856181E-6	0.5227062523591928	0.20699608914142067	0.1190337299436458	0.1122599789380535	0.032606403257424386	0.005220162231838376	0.0011068865799431329	8.071060626457616E-6	2.6431476591952475E-5	1.4669666286539147E-5	2.5648103477622855E-6	9.189717266891226E-6	7.199201218064982E-7	4.255116497936507E-6
	2.4785827109630176E-6	0.32545892716924907	0.2241675833214533	0.24668300627155862	0.018152774030162504	0.011877733838510129	0.16101802980471483	0.003706850443498388	0.00474382933441852	6.387152045136077E-5	0.003906421389900915	8.463451126799105E-5	6.094805983493475E-5	3.5406333223917067E-5	3.750538904464093E-5
	2.798411378734933E-6	0.9063552682023084	0.006505616665401747	0.03277118109554562	0.003902876878177807	0.0021690090308457543	0.034584696553322414	0.006516169676281384	5.093428766930399E-4	0.006373749915497179	1.5211160220622092E-4	1.3372995670900108E-4	1.6562818716661867E-5	5.889283424858086E-6	9.970334912665585E-7
	3.064136511188309E-7	0.478792475807153	0.4125652092481203	0.07470522487597764	0.017515822576288424	0.011025821735263522	0.0035307266164449984	0.001344935383668952	9.190788868427196E-5	3.892269972020199E-4	2.2167179781120854E-5	1.168140138185836E-5	3.5662274319716793E-6	6.928771911746709E-7	2.347717594736266E-7
	2.3799957075132383E-6	0.5678164891613828	0.05441699105265688	0.24301283931229958	0.12418981167054585	0.009357881455095696	3.0076186746688964E-4	2.020450046088863E-4	5.304354758508444E-4	1.0692148616875394E-4	1.6823277761528643E-5	2.451296546085578E-5	1.6621404122822648E-5	4.545181170550725E-6	9.406897006243221E-7
	1.1100673391606364E-6	0.6972704684058881	0.2044773560697785	0.07536753444360891	0.0039467895361436	0.009876978503751514	0.0019295732449143947	0.006446580794736811	8.467151242315106E-5	5.893181560563929E-5	3.164651030486037E-4	1.6452603819673616E-4	1.7695276319232302E-5	4.076982567443923E-5	5.493625712096729E-7
	2.0593120630962858E-7	0.06857270398987814	0.5119924612837616	0.3761334536691596	0.021539773564050783	0.018915103520085078	2.917063594160598E-4	4.753094715651748E-4	3.837480959705253E-5	0.0020285853536647683	7.180196645377776E-6	2.693148807417679E-7	4.175584327223232E-6	6.78558029896422E-7	1.8393732242599924E-8
	7.038714662221945E-5	0.9301555966029063	0.024541074746481	0.034660442086226866	0.003669352821688585	0.0038232141931814753	2.189094947267191E-4	4.8682829661753367E-4	9.395231683574233E-4	8.799791770461392E-4	1.1237334689099182E-4	3.288333319925514E-4	7.259515076633323E-5	2.0874656576062064E-5	2.0015779919943973E-5
	1.025033193657876E-6	0.39192954966323645	0.3028390068180321	0.14508183360746216	0.06863560414602915	0.05826611888353097	0.020532432480418434	0.008227404125615437	0.0033130640492431175	0.0010529638165287583	5.6426690705363474E-5	2.048430697667288E-5	5.170416562540463E-6	3.692274977188648E-5	1.993212693315144E-6
	1.2741182498166026E-5	0.1740940932884929	0.3492721947603927	0.39252492310851494	0.034439825907756315	0.012734169189498221	0.015781838466439987	0.012052318469341216	0.005708771699013809	0.0015355856226112912	0.0011456742962741128	6.466086939771365E-4	3.0010142974121544E-5	9.933496288697997E-6	1.1311675926353648E-5
	2.753884643658111E-7	0.3436179842555481	0.16872102517625068	0.22804844032160576	0.11709026540850055	0.09946108984422566	0.01387228982642033	0.02482077403202731	0.002237385900264088	0.001325514366586865	7.941348496734095E-4	4.788677266038011E-6	7.482597007317895E-7	1.0187136274615504E-6	4.264979838653111E-6
	5.631323574117886E-8	0.8685384399441264	0.11091541199788496	0.012849017723100787	0.0042886812297740625	3.1377021251771604E-4	0.0012493202334852584	5.027335756960327E-4	3.837308694871756E-4	7.053927289336E-4	1.492564690534782E-4	5.2115709220621736E-5	4.2338895128339474E-6	4.7132596617961485E-5	7.065073535077494E-7
	4.377957107948305E-8	0.6780525009948621	0.01031162771925994	0.2515957023711008	0.004073195707188174	0.05585184224421508	8.254794055699186E-5	1.4496350242800609E-5	1.5076672330966097E-5	4.0026170877591766E-7	1.4431265257691565E-6	5.093420316418433E-7	3.6829608462316507E-7	2.1899502729150446E-7	2.619929394951995E-8
	5.960431058160687E-6	0.4577283077118477	0.4930784311923535	0.002508842054433191	0.03508906610104573	0.008227062330646354	0.0019012801600915472	6.453823361153752E-4	8.547371987480512E-5	4.713272302541968E-4	8.489325014633166E-5	2.395331876681093E-6	8.733462107251366E-5	2.961483975769448E-5	5.4628689426305696E-5
	6.456488124917392E-6	0.22096614035724838	0.0642827379702102	0.6753488334947118	0.018872429185942424	0.014568469065963827	0.004032131981562224	6.419578221199669E-4	3.391041478838739E-4	3.8072245875045516E-4	2.0066095312930442E-4	3.252393260942634E-4	3.0587691112567827E-5	2.3380736753258705E-6	2.1909834704257503E-6
	6.354123728957717E-6	0.6013769099828328	0.01940457768494247	0.04936798968843452	0.24259065494059462	0.031914526058817186	0.04897830300908829	0.004559845757007491	0.0012458201012892193	1.8190256653301284E-4	2.232205408095608E-4	7.786995747805781E-5	4.343208620985537E-5	1.3988808672306478E-5	1.4604693561510067E-5
	1.1411709361142108E-5	0.11168311137232712	0.6140256364454421	0.24329722981381566	0.003260616782344684	0.014136972084800612	0.0015421102217902034	0.004058176856745361	0.007630261654779778	1.4294887499114668E-5	7.512049200355786E-5	2.383895034156794E-4	3.1095201172191226E-7	2.5611525106327665E-5	7.45698557143189E-7
	1.5789915123765041E-4	0.35312428579723	0.46236692085068953	0.05232455560538738	0.004910671184912107	0.0053666366666229965	0.04452959361255383	0.019937545177910194	0.003628222304535368	0.01740185298774264	0.02807316955874918	0.005436625556140296	0.0013088105419843679	0.0011313143371096091	3.0189666719487493E-4
	4.2604442673788157E-7	0.3595784230066994	0.28272939090401955	0.1275240213280778	0.12246070187609248	0.0760764656400097	0.02622409506248804	0.0032168965411285186	3.339958465551972E-4	8.514249600903923E-4	6.962750397344633E-4	1.7870699307476125E-4	1.0344171876938073E-4	2.5673387499632252E-5	6.165133383853E-8
	4.520178566558286E-6	0.18148247100263826	0.42227837380009825	0.01768544829054522	0.016392000103205507	0.3547979685784865	0.0011207072584275225	0.003557658012158417	0.00159387159160956	3.821355967831909E-4	3.37364099113298E-4	1.5631848013097831E-4	9.64689112668901E-5	4.4195918600210986E-5	7.049817836957786E-5
	1.0351941043262869E-6	0.19931316950822364	0.18559287417459874	0.31092765803008826	0.2034157955487686	0.09094479756884766	0.006854984332777206	0.0023706067722266667	3.524777580710688E-5	9.924570307402245E-5	3.485288232640414E-4	6.355345301871135E-5	7.2325576053531E-9	3.11873803152827E-5	1.3085023282280772E-6
	7.016789496105957E-7	0.9824123278030172	8.013864222469851E-4	0.014559758689579793	6.23253494330347E-4	1.905066466598828E-4	1.6348351044606199E-4	0.0010341470433220497	1.1710316358695635E-5	1.0355764258502395E-4	1.375458376759783E-5	4.069450003118426E-5	2.096277394036794E-5	2.013856006263338E-5	3.616334702310421E-6
	3.1084040687545667E-4	0.23822323507299303	0.2888690606628237	0.007021579149529664	0.16607192800290432	0.1275342338734576	0.09604958237695572	0.027025493434878662	0.032440422831030144	0.007855730022373317	2.4145292881806425E-4	0.004356201264618918	0.003281926793551806	6.103270382563946E-4	1.0798614093339433E-4
